1	2	3	prot_copies
0	0	0	0
0	0	0	1
0	0	0	2
0	0	0	3
0	0	0	4
0	0	0	5
0	0	0	6
0	0	0	7
0	0	0	8
0	0	0	9
0	0	0	10
0	1	0	11
0	0	0	12
0	3	0	13
0	4	0	14
0	4	0	15
0	5	0	16
0	8	0	17
0	8	0	18
0	7	0	19
0	14	0	20
0	17	0	21
0	19	0	22
0	26	0	23
0	21	0	24
0	27	0	25
0	47	0	26
0	33	0	27
0	51	0	28
0	51	0	29
0	68	0	30
0	77	0	31
0	65	0	32
0	84	0	33
0	106	0	34
0	69	0	35
1	94	0	36
1	92	0	37
2	94	0	38
2	125	0	39
2	114	0	40
0	122	0	41
1	146	0	42
1	156	0	43
3	132	0	44
3	136	0	45
1	161	0	46
3	156	0	47
6	167	0	48
5	150	0	49
3	173	0	50
4	173	0	51
7	179	0	52
9	159	0	53
8	169	0	54
10	162	0	55
10	138	0	56
14	197	0	57
16	165	0	58
16	183	0	59
18	184	0	60
26	155	0	61
15	164	0	62
23	161	0	63
20	198	0	64
26	158	0	65
20	182	0	66
28	168	0	67
31	158	0	68
36	173	0	69
32	151	0	70
38	159	0	71
44	138	0	72
31	134	0	73
45	165	0	74
68	128	0	75
63	144	0	76
67	120	0	77
75	125	0	78
58	130	0	79
73	114	0	80
69	127	0	81
80	122	0	82
83	111	0	83
81	78	0	84
103	106	0	85
107	95	0	86
93	93	0	87
116	93	0	88
109	106	0	89
99	80	2	90
117	88	0	91
123	76	0	92
115	76	0	93
125	66	0	94
113	60	0	95
130	50	0	96
135	51	1	97
119	52	0	98
123	59	1	99
118	60	1	100
117	57	1	101
123	53	0	102
148	46	1	103
126	41	0	104
129	41	1	105
165	27	0	106
158	37	0	107
155	32	0	108
135	21	1	109
142	30	1	110
143	26	0	111
127	25	0	112
142	19	0	113
155	17	0	114
137	19	0	115
124	15	2	116
141	18	0	117
132	10	2	118
141	15	0	119
129	23	2	120
133	11	0	121
130	17	1	122
123	15	0	123
119	10	2	124
96	12	2	125
129	11	1	126
116	13	0	127
89	11	1	128
115	13	1	129
120	9	0	130
124	11	1	131
117	6	2	132
104	6	3	133
107	5	1	134
108	2	2	135
94	4	2	136
93	5	1	137
95	3	3	138
100	6	0	139
94	2	0	140
87	0	1	141
86	2	2	142
74	5	0	143
95	5	3	144
73	3	1	145
67	2	2	146
54	4	2	147
58	2	1	148
68	1	1	149
73	2	4	150
58	0	4	151
58	2	0	152
58	0	2	153
46	1	3	154
57	1	3	155
45	1	2	156
49	0	4	157
34	0	4	158
45	0	1	159
40	2	3	160
39	0	2	161
34	0	1	162
43	0	3	163
39	1	4	164
31	0	2	165
18	1	1	166
23	0	5	167
26	0	4	168
23	1	4	169
20	0	3	170
29	1	5	171
15	0	3	172
17	1	5	173
13	0	6	174
14	1	7	175
14	0	4	176
21	0	6	177
21	0	3	178
12	0	4	179
11	0	3	180
18	0	5	181
11	0	4	182
9	1	6	183
12	0	4	184
11	0	4	185
11	0	3	186
11	0	6	187
6	0	9	188
12	0	6	189
7	0	4	190
9	0	2	191
7	0	8	192
8	0	8	193
3	0	2	194
7	0	7	195
3	0	4	196
5	0	9	197
4	0	4	198
6	0	7	199
3	0	5	200
7	0	5	201
1	0	3	202
1	0	5	203
4	0	9	204
2	0	6	205
3	0	7	206
1	0	12	207
0	0	3	208
2	0	14	209
1	0	7	210
0	0	7	211
2	0	11	212
2	0	4	213
3	0	8	214
1	0	13	215
0	0	10	216
5	0	10	217
1	0	10	218
1	0	9	219
1	0	15	220
1	0	5	221
0	0	9	222
0	0	8	223
1	0	14	224
1	0	14	225
1	0	15	226
1	0	15	227
0	0	22	228
0	0	15	229
0	0	8	230
1	0	15	231
1	0	12	232
1	0	8	233
1	0	16	234
1	0	18	235
0	0	16	236
1	0	17	237
1	0	17	238
0	0	11	239
0	0	19	240
0	0	18	241
0	0	15	242
0	0	17	243
0	0	15	244
0	0	17	245
0	0	16	246
1	0	18	247
0	0	17	248
0	0	9	249
0	0	12	250
0	0	19	251
0	0	17	252
0	0	20	253
0	0	15	254
0	0	16	255
0	0	12	256
0	0	15	257
0	0	22	258
0	0	20	259
0	0	20	260
0	0	20	261
0	0	20	262
0	0	27	263
0	0	14	264
0	0	27	265
0	0	22	266
0	0	22	267
0	0	20	268
0	0	22	269
0	0	22	270
0	0	33	271
0	0	14	272
0	0	17	273
0	0	24	274
0	0	22	275
0	0	13	276
0	0	25	277
0	0	22	278
0	0	36	279
0	0	26	280
0	0	26	281
0	0	28	282
0	0	22	283
0	0	28	284
0	0	17	285
0	0	34	286
0	0	29	287
0	0	26	288
0	0	30	289
0	0	29	290
0	0	33	291
0	0	32	292
0	0	26	293
0	0	36	294
0	0	28	295
0	0	27	296
0	0	28	297
0	0	27	298
0	0	35	299
0	0	35	300
0	0	32	301
0	0	35	302
0	0	39	303
0	0	36	304
0	0	33	305
0	0	33	306
0	0	29	307
0	0	33	308
0	0	33	309
0	0	30	310
0	0	30	311
0	0	32	312
0	0	33	313
0	0	27	314
0	0	37	315
0	0	34	316
0	0	54	317
0	0	41	318
0	0	47	319
0	0	32	320
0	0	34	321
0	0	37	322
0	0	43	323
0	0	36	324
0	0	49	325
0	0	43	326
0	0	34	327
0	0	32	328
0	0	42	329
0	0	42	330
0	0	41	331
0	0	39	332
0	0	38	333
0	0	43	334
0	0	41	335
0	0	55	336
0	0	37	337
0	0	49	338
0	0	46	339
0	0	39	340
0	0	40	341
0	0	45	342
0	0	52	343
0	0	58	344
0	0	38	345
0	0	51	346
0	0	51	347
0	0	57	348
0	0	48	349
0	0	54	350
0	0	53	351
0	0	56	352
0	0	42	353
0	0	40	354
0	0	50	355
0	0	52	356
0	0	39	357
0	0	51	358
0	0	52	359
0	0	53	360
0	0	40	361
0	0	56	362
0	0	60	363
0	0	52	364
0	0	33	365
0	0	48	366
0	0	39	367
0	0	47	368
0	0	37	369
0	0	42	370
0	0	61	371
0	0	52	372
0	0	48	373
0	0	51	374
0	0	55	375
0	0	50	376
0	0	40	377
0	0	65	378
0	0	34	379
0	0	56	380
0	0	58	381
0	0	56	382
0	0	56	383
0	0	56	384
0	0	56	385
0	0	44	386
0	0	56	387
0	0	48	388
0	0	51	389
0	0	51	390
0	0	57	391
0	0	56	392
0	0	45	393
0	0	56	394
0	0	53	395
0	0	58	396
0	0	54	397
0	0	44	398
0	0	63	399
0	0	57	400
0	0	39	401
0	0	32	402
0	0	38	403
0	0	55	404
0	0	41	405
0	0	62	406
0	0	59	407
0	0	51	408
0	0	57	409
0	0	51	410
0	0	57	411
0	0	52	412
0	0	54	413
0	0	49	414
0	0	57	415
0	0	43	416
0	0	49	417
0	0	53	418
0	0	54	419
0	0	69	420
0	0	47	421
0	0	40	422
0	0	60	423
0	0	44	424
0	0	43	425
0	0	65	426
0	0	46	427
0	0	33	428
0	0	42	429
0	0	56	430
0	0	33	431
0	0	52	432
0	0	35	433
0	0	51	434
0	0	42	435
0	0	27	436
0	0	43	437
0	0	40	438
0	0	34	439
0	0	43	440
0	0	35	441
0	0	39	442
0	0	43	443
0	0	36	444
0	0	49	445
0	0	33	446
0	0	36	447
0	0	28	448
0	0	45	449
0	0	20	450
0	0	28	451
0	0	27	452
0	0	32	453
0	0	36	454
0	0	31	455
0	0	25	456
0	0	29	457
0	0	36	458
0	0	38	459
0	0	31	460
0	0	23	461
0	0	18	462
0	0	27	463
0	0	28	464
0	0	20	465
0	0	26	466
0	0	28	467
0	0	28	468
0	0	19	469
0	0	29	470
0	0	20	471
0	0	11	472
0	0	23	473
0	0	22	474
0	0	15	475
0	0	23	476
0	0	17	477
0	0	11	478
0	0	16	479
0	0	15	480
0	0	15	481
0	0	23	482
0	0	26	483
0	0	20	484
0	0	22	485
0	0	8	486
0	0	14	487
0	0	13	488
0	0	9	489
0	0	8	490
0	0	14	491
0	0	12	492
0	0	3	493
0	0	14	494
0	0	15	495
0	0	4	496
0	0	8	497
0	0	6	498
0	0	14	499
0	0	5	500
0	0	9	501
0	0	8	502
0	0	12	503
0	0	9	504
0	0	6	505
0	0	3	506
0	0	8	507
0	0	4	508
0	0	7	509
0	0	12	510
0	0	8	511
0	0	2	512
0	0	6	513
0	0	4	514
0	0	7	515
0	0	2	516
0	0	5	517
0	0	4	518
0	0	2	519
0	0	2	520
0	0	4	521
0	0	2	522
0	0	1	523
0	0	0	524
0	0	2	525
0	0	0	526
0	0	0	527
0	0	1	528
0	0	4	529
0	0	2	530
0	0	1	531
0	0	0	532
0	0	0	533
0	0	2	534
0	0	2	535
0	0	0	536
0	0	0	537
0	0	0	538
0	0	1	539
0	0	0	540
0	0	0	541
0	0	0	542
0	0	0	543
0	0	1	544
0	0	2	545
0	0	0	546
0	0	0	547
0	0	1	548
0	0	0	549
0	0	1	550
0	0	0	551
0	0	0	552
0	0	1	553
0	0	0	554
0	0	0	555
0	0	0	556
0	0	0	557
0	0	0	558
0	0	0	559
0	0	0	560
0	0	0	561
0	0	0	562
0	0	0	563
0	0	0	564
0	0	0	565
0	0	0	566
0	0	0	567
0	0	0	568
0	0	0	569
0	0	0	570
0	0	0	571
0	0	0	572
0	0	1	573
0	0	0	574
0	0	0	575
0	0	0	576
0	0	0	577
0	0	1	578
0	0	0	579
0	0	0	580
0	0	0	581
0	0	0	582
0	0	0	583
0	0	0	584
0	0	0	585
0	0	0	586
0	0	0	587
0	0	0	588
0	0	0	589
0	0	0	590
0	0	0	591
0	0	0	592
0	0	0	593
0	0	0	594
0	0	0	595
0	0	0	596
0	0	0	597
0	0	0	598
0	0	0	599
